1761    
1815    
2870    
6401    
6402    
6403    
6404    
6405    
6409    
6410    
6411    
6414    
6416    
6417    
6418    
6419    
6489    
6547    
1610    
1702    
1710    
1730    
1895    
6340    
6344    
6348    
6398    
6483    
6525    
6545    
6571    
6598    
6625    
6664    
7035    
6618    
1282    
1272    
6619    
1283    
1273    
1284    
6707    
1461    
1477    
6509    
1496    
1497    
1517    
1518    
1528    
1611    
1631    
1665    
1693    
1750    
1762    
1821    
1890    
1899    
1966    
1990    
1991    
1992    
5599    
6334    
6335    
6337    
6400    
6406    
6484    
6510    
6513    
6517    
6519    
6537    
6538    
6539    
6546    
6551    
6561    
6596    
6602    
6616    
6617    
6639    
6646    
6648    
6663    
6670    
6713    
6714    
6353    
6540    
6541    
6542    
6679    
1475    
6331    
6341    
6342    
6345    
6346    
6399    
6515    
6536    
6597    
6615    
6687    
1896    
6389    
6511    
6531    
6593    
6336    
6339    
6516    
6544    
6614    
1782    
2536    
1998    
2871    
6441    
6442    
6555    
6556    
6557    
1997    
6558    
6559    
1997    
6560    
1997    
6599    
1997    
6444    
6487    
6490    
6550    
6553    
1068    
1070    
1088    
1096    
1098    
1188    
1189    
1190    
1191    
2963    
6567    
6568    
6572    
6580    
6582    
6584    
6585    
6589    
1180    
1265    
3068    
1181    
1266    
3069    
3066    
3067    
6452    
6453    
6454    
6455    
6456    
6457    
6458    
6459    
6460    
6461    
6463    
6465    
1069    
1097    
2962    
6431    
6445    
6451    
6462    
6473    
6479    
7030    
7031    
7032    
7033    
7034    
7035    
7045    
4511    
4512    
4513    
4514    
10027   
10128   
7042    
7043    
7044    
7046    
7047    
3383    
3384    
3385    
4032    
7214    
7238    
7239    
7240    
7241    
7906    
7942    
7944    
7945    
5613    
7206    
7207    
7208    
7213    
60000   
60001   
60002   
60003   
60004   
60005   
60010   
60088   
60105   
60106   
60107   
60108   
60109   
60110   
60111   
60112   
7242    
7243    
7246    
7248    
7249    
7344    
7900    
7905    
7998    
5610    
5620    
7630    
7631    
7632    
7633    
7685    
4434    
7890    
7892    
7902    
7903    
4431    
4429    
7891    
7893    
7894    
7901    
3178    
3181    
3182    
3222    
7567    
60019   
60100   
60101   
60102   
60103   
60104   
7895    
7896    
7897    
7898    
7996    
7997    
7936    
7937    
7938    
7939    
3677    
7499    
60050   
60051   
60052   
60098   
7990    
7991    
7992    
7993    
7994    
5611    
7686    
7747    
4207    
4210    
5621    
7726    
7736    
7737    
7738    
7739    
7731    
7732    
7733    
7734    
60020   
60021   
60022   
7634    
7635    
7636    
7637    
7684    
7566    
7638    
7639    
7641    
7642    
8402    
7747    
4641    
4642    
4643    
4644    
4645    
3365    
3366    
3367    
3368    
4208    
4209    
4427    
4430    
4436    
4437    
4438    
4439    
4440    
4441    
4205    
4431    
4432    
4433    
60061   
60113   
60114   
60115   
60116   
60117   
60118   
60119   
4200    
4201    
4202    
4203    
4204    
30315   
60077   
60078   
60079   
60080   
5611    
9247    
2064    
2928    
4912    
4914    
4937    
4938    
4991    
7906    
7266    
7267    
7280    
7281    
7643    
8398    
8401    
7848    
8403    
8404    
7324    
7904    
7907    
7724    
7687    
2824    
7553    
4428    
60024   
7620    
7621    
7622    
7623    
7624    
7625    
7626    
7627    
7628    
20004   
7682    
7683    
7195    
7196    
7197    
7198    
7199    
